dual variable 36
-3.8553472090105556e+00
-2.1694269964294519e+00
-4.0952271376698551e-01
-1.0710401276504699e-04
-4.0209642639124871e-04
-1.4626888113283184e-04
-4.0937141295046142e-01
-2.1695408544252941e+00
-2.1977879327328811e+00
-1.9232734570509300e+00
-3.5429559762095331e-01
7.0374571534698597e-05
-2.4696236699591654e+00
1.6502859761069846e-04
-3.5442098655177257e-01
-1.9230682340890708e+00
-7.4274410725307760e-01
-1.5823691165368854e+00
-1.8452980512700121e-01
7.6934571305764434e-05
-4.3644737708070913e+00
-1.0590359411405529e-04
-1.8458732749506393e-01
-1.5828811964793041e+00
1.2876373491273340e-04
-7.9673866249005132e-01
-2.2356874832139991e-04
2.0760522931814077e-05
-5.5494363035014409e+00
1.5778801569781826e-06
1.9560025559592115e-04
-7.9685108226433710e-01
-3.8557506177160579e+00
-2.1982611581283584e+00
-7.4263043973684972e-01
1.4291971687293935e-04
primal variable 1 s 24 9 9
1.9343466195757042e-01
6.6792187067911257e-01
6.8101637461830989e-06
5.5376870869644679e-01
-1.9344832453530708e-01
6.6791657793302484e-01
3.7351001175141663e-01
1.7226141324436652e+00
-6.0930384595649005e-06
1.6168433390679247e+00
-3.7353523548606027e-01
1.7225983835309320e+00
5.5325104916013079e-01
3.0854380611811845e+00
-1.1128159963460627e-05
2.9787430352411843e+00
-5.5331367061999515e-01
3.0854258192021726e+00
2.5533157602006823e-01
4.8233121531451308e+00
-2.2941330660032896e-05
4.7060459888628836e+00
-2.9897975069349092e-01
4.8156008237756334e+00
7.5987424972935522e-02
2.6234706989794587e-01
5.4459453858287536e-06
2.1750825291254647e-01
-7.5989899716927281e-02
2.6234464448101974e-01
1.4672740233558088e-01
6.7668302987455342e-01
-2.4275242706771721e-06
6.3512617771735325e-01
-1.4673523086495288e-01
6.7667593262265102e-01
2.1728562191571701e-01
1.2120654461265972e+00
-5.8868486351258941e-06
1.1701509152193530e+00
-2.1730909931531747e-01
1.2120609412343868e+00
1.2922667964780885e-01
1.6922402194832002e+00
-1.1349491627788271e-05
1.8484956987717531e+00
-1.3915664070030759e-01
1.6788892385357350e+00
2.6529584913891224e-01
9.1606651197775280e-01
5.5455982789921744e-06
7.5950342908560209e-01
-2.6531679218665005e-01
9.1606067689420057e-01
5.1226374104341210e-01
2.3626252107371322e+00
-1.2800147452534238e-05
2.2175501004787246e+00
-5.1230684856285647e-01
2.3626051208656396e+00
7.5871347695429481e-01
4.2317539170545722e+00
-1.8871958428788830e-05
4.0854215501832627e+00
-7.5881846173902212e-01
4.2317342404582785e+00
6.0613907617688445e-01
6.4222773238448827e+00
-3.1924747099927517e-05
6.4541850725265366e+00
-4.1088713680858474e-01
6.4255870153257693e+00
2.6302601583196328e-01
9.0822440082785771e-01
7.0628794422702521e-06
7.5300143922455764e-01
-2.6304535627139330e-01
9.0821818952084887e-01
5.0788224773706769e-01
2.3424019567797010e+00
-1.1530091773078969e-05
2.1985686437221146e+00
-5.0792217461361899e-01
2.3423815448679202e+00
7.5222611810836459e-01
4.1955367706853748e+00
-1.7960761473031983e-05
4.0504563992170866e+00
-7.5232466129823661e-01
4.1955181905095174e+00
5.6903030366931817e-01
6.3715037827463270e+00
-3.1579059255889858e-05
6.3989602463222059e+00
-4.2036908093449860e-01
6.3707212026680358e+00
-1.9423747851636694e-01
-6.7065152381588578e-01
-6.9580176185009601e-06
-5.5602935577208679e-01
1.9424945956857695e-01
-6.7064715944824238e-01
-3.7505526845166925e-01
-1.7297935668914128e+00
1.0738291372149711e-05
-1.6235640820039705e+00
3.7508644748027414e-01
-1.7297779163203613e+00
-5.5540579996503880e-01
-3.0983200963193620e+00
1.7185221839247536e-05
-2.9911802480362888e+00
5.5548694421683342e-01
-3.0983051924722367e+00
-5.4024460744384950e-01
-4.3555958276799647e+00
2.7229556723125861e-05
-4.7251370225187399e+00
3.2609031903270752e-01
-4.3447812381263686e+00
3.0282031316714053e-01
1.0455960065134580e+00
9.4459792257741773e-06
8.6689319244643048e-01
-3.0284061542404983e-01
1.0455891031050788e+00
5.8472011396134038e-01
2.6967945234352291e+00
-1.5318884001604490e-05
2.5311887855847433e+00
-5.8476777210668873e-01
2.6967706377819520e+00
8.6595111132311697e-01
4.8303292563125346e+00
-2.4049395287085541e-05
4.6632974649718282e+00
-8.6607218732113700e-01
4.8303068084819962e+00
7.7811933461230831e-01
7.0299628650672004e+00
-3.9464161608772182e-05
7.3668075980416106e+00
-5.0092756229437541e-01
7.0236699136818439e+00
7.4754578297510491e-02
2.5809861960001457e-01
4.0903934109529852e-06
2.1398602698922847e-01
-7.4757548438256952e-02
2.5809674596389720e-01
1.4434457176843335e-01
6.6573228169164067e-01
-3.9532225239309902e-06
6.2484526224881320e-01
-1.4435511868805836e-01
6.6572587139282724e-01
2.1373087604542054e-01
1.1924314496612267e+00
-7.0465914548911067e-06
1.1511971676202748e+00
-2.1376051654724962e-01
1.1924260787340124e+00
2.4032904736540051e-01
1.5914866210142473e+00
-1.1091491206491007e-05
1.8184388616641241e+00
-1.4411981494289311e-01
1.5810538933195646e+00
-1.8957289130951563e-01
-6.5460498210241091e-01
-4.6858768586481471e-06
-5.4272859001929008e-01
1.8958820423543507e-01
-6.5460014150727885e-01
-3.6605246253323670e-01
-1.6882350690071639e+00
6.4726554813883905e-06
-1.5845786354887372e+00
3.6607937011661090e-01
-1.6882202960134152e+00
-5.4222631927746257e-01
-3.0238430042988451e+00
1.0478452569874072e-05
-2.9192785937327397e+00
5.4229055371342971e-01
-3.0238304798000644e+00
-2.5441896597560071e-01
-4.8145175861641283e+00
2.1332612000307309e-05
-4.6121827119420606e+00
2.7850364200138378e-01
-4.8179529468910554e+00
4.2750922476686867e-02
1.4765205745373175e-01
1.3284496645153315e-06
1.2241892338435560e-01
-4.2754659022301876e-02
1.4765037318645369e-01
8.2551874521681945e-02
3.8071252985269616e-01
1.3552660811180093e-06
3.5734667493271982e-01
-8.2553866239773219e-02
3.8070913287430902e-01
1.2235142576604532e-01
6.8187813143322407e-01
1.3134049603215466e-06
6.5829909692778599e-01
-1.2235412733331501e-01
6.8187711688372610e-01
-6.3947429349988080e-02
1.3504616473686624e+00
-1.8355137196902888e-06
1.0403358500404796e+00
-6.4169492774096171e-02
1.3545180254607618e+00
primal variable 2 s 25 9 9
-3.3776008672499862e+00
3.1097422516519380e-01
1.3926647624612315e-01
3.5293931809717083e-01
3.3266954881763712e-04
3.1078347062267442e-01
-1.3846746425783743e-01
6.4943566644482509e-01
1.6277323676075833e-01
7.4989028041649064e-01
9.2030201041263485e-04
6.4910353999253700e-01
-1.6082231472598138e-01
1.0334074824887651e+00
1.9463716459715139e-01
1.1829655990715060e+00
1.5471120107928616e-03
1.0329832276358184e+00
-1.9143412935703930e-01
1.0319201929011750e+00
8.1395871034207742e-02
1.6888469313689192e+00
2.1146090424303383e-03
1.1776977621244618e+00
4.3403875087728805e-02
6.9156078144255828e-01
-6.3662516652065293e-02
-2.8471712531669059e-02
-7.2264536744697377e-02
-3.2220332713964594e-05
-6.3641939076497470e-02
2.8394170449707080e-02
-1.3295516062596680e-01
-3.3224969265029818e-02
-1.5353965824049556e-01
-9.2752757835243881e-05
-1.3292027913840854e-01
3.3031147561860534e-02
-2.1157347247248465e-01
-3.9685473406491520e-02
-2.4221103776165512e-01
-1.5723175668251303e-04
-2.1151964491541134e-01
3.9361783271770041e-02
-1.6052318792426140e-01
-1.3944307417581984e-02
-3.4578903663868604e-01
-2.2571071334668118e-04
-2.4630617903456836e-01
-1.2378479029211504e-02
1.2943977398931861e+00
-1.1920876897744438e-01
-5.3501786320459370e-02
-1.3526135823218047e-01
-2.3542578358171404e-04
-1.1906919791118381e-01
5.2934902535595817e-02
-2.4894509836681258e-01
-6.2699962921072577e-02
-2.8738261612098431e-01
-6.5493113424277595e-04
-2.4869956983151681e-01
6.1313192561429732e-02
-3.9613344443841886e-01
-7.5143396249741770e-02
-4.5334642966165128e-01
-1.1240214923643405e-03
-3.9577998499271549e-01
7.2807211417630288e-02
-1.2298993220352167e-01
-7.2793045359196673e-02
-6.4721040323422130e-01
-1.6231353246490248e-03
-4.5630687428298211e-01
-3.0694129641013770e-02
-6.6495606190736489e-01
6.1133373505171042e-02
2.7031778440558377e-02
6.9482044278921004e-02
-2.5508451208193712e-04
6.1273001186383305e-02
-2.7645999449344278e-02
1.2769943127318581e-01
3.1121035906942096e-02
1.4763132965542405e-01
-6.8670594482521591e-04
1.2794434032919139e-01
-3.2585187943668992e-02
2.0323850774995761e-01
3.6786155610581572e-02
2.3289361098763459e-01
-1.1686251798106258e-03
2.0357097044882766e-01
-3.9222439199840087e-02
3.7122206423912313e-01
-3.5864555769355197e-02
3.3249033427064417e-01
-1.6598489636174207e-03
2.2083061525602463e-01
-3.3667023358872214e-02
-3.3831153188078722e+00
3.1136445607081192e-01
1.3895579632570512e-01
3.5351809587891508e-01
-1.1468482170338983e-04
3.1140987037022239e-01
-1.3923196722542550e-01
6.5029182542520081e-01
1.6176275766855441e-01
7.5111525385875677e-01
-2.7420329840852211e-04
6.5037024754453254e-01
-1.6236198992317716e-01
1.0348451301083685e+00
1.9287421628709611e-01
1.1848958471139002e+00
-4.5097059824277419e-04
1.0349234301925805e+00
-1.9382607837798099e-01
9.5975611029382446e-01
4.3853250466619795e-02
1.6916012430743308e+00
-6.0480479686673516e-04
1.1700173597117021e+00
-1.7236035836867680e-02
-1.4365089673733813e+00
1.3216367325159167e-01
5.8800864016424981e-02
1.5010740538323630e-01
-2.1610132356389579e-04
1.3227326152988403e-01
-5.9320733991302318e-02
2.7604198920108636e-01
6.8206387887931944e-02
3.1893165967430093e-01
-5.6660415846999414e-04
2.7623321708318654e-01
-6.9420523622171437e-02
4.3930472640429230e-01
8.1107659163818485e-02
5.0312010440064214e-01
-9.4996885537218414e-04
4.3954067995124746e-01
-8.3090201402508390e-02
4.4661714995619123e-01
-5.7059602500541824e-04
7.1827353029636065e-01
-1.3083003637502169e-03
4.9672853582400939e-01
-3.2185796729242100e-02
-3.9617461114056063e+00
3.6459737134229664e-01
1.6263158515734177e-01
4.1398175230360990e-01
-2.0936893419802217e-04
3.6469325072287728e-01
-1.6313591554051268e-01
7.6147713905503933e-01
1.8921208770553977e-01
8.7958186570658092e-01
-5.2585278485114278e-04
7.6164309050258516e-01
-1.9034912446614072e-01
1.2117865980896594e+00
2.2549817265828756e-01
1.3875544138774021e+00
-8.7836490391248617e-04
1.2119835103161776e+00
-2.2734177494801661e-01
1.1869116435296161e+00
4.0236736342004274e-02
1.9809249262942497e+00
-1.2103374693720013e-03
1.3583767041480399e+00
-3.5808226457941690e-02
-1.2763606675028709e+00
1.1745756973895080e-01
5.2360590511201559e-02
1.3337499754581461e-01
-9.6394156981012877e-05
1.1750035186148053e-01
-5.2592581549461073e-02
2.4531953710331170e-01
6.0885370118952460e-02
2.8337661969374095e-01
-2.3886489905112162e-04
2.4538827950875280e-01
-6.1398866728273341e-02
3.9039472769084033e-01
7.2542455871362363e-02
4.4702949412379267e-01
-3.8678194972024520e-04
3.9047843693856482e-01
-7.3348316987274231e-02
3.6464720323397221e-01
1.4955095679597933e-02
6.3819531184838152e-01
-5.1733061650188121e-04
4.1142423289907964e-01
-2.9353967572747348e-02
5.7085860155846619e+00
-5.2544955318709086e-01
-2.3472647024444923e-01
-5.9652054549101619e-01
-1.8835541049109969e-05
-5.2540571609711573e-01
2.3468119635560916e-01
-1.0973947754973661e+00
-2.7357226847365407e-01
-1.2674149543692306e+00
-1.1727840713082132e-04
-1.0973140643032024e+00
2.7334894694339362e-01
-1.7463223765717437e+00
-3.2648528360302925e-01
-1.9993633518621110e+00
-2.3255038232819928e-04
-1.7461610094927820e+00
3.2602121914093463e-01
-1.4529552004699526e+00
-1.2168924726789919e-01
-2.8543625830304893e+00
-4.0129086945374750e-04
-1.9768530174860188e+00
1.2969582326788475e-02
primal variable 3 d 36 1 1
1.2127264037165627e-14
-2.7155195950307294e-15
1.5568986938153596e-13
7.9885177660117601e-01
4.0232122844185692e-01
7.9890148273595352e-01
-5.6929480246141814e-14
-1.0210248464458368e-14
1.1278178595451075e-15
-2.5301805978238812e-13
-2.2701330384220896e-10
7.8032580796143935e-01
-2.7038677514198091e-13
7.8041788884250851e-01
9.7787924896297624e-11
-1.4848133453898956e-12
3.1335067815094046e-15
-8.2325188586679572e-15
2.4246304496495518e-10
9.7183709333787871e-01
2.2438940714455065e-13
-9.7194203092385223e-01
1.2228590470679394e-11
-1.7599881237309856e-14
1.1267846254453904e+00
-5.9852243842542573e-15
-2.3025082849418201e-02
1.6223986203698582e-01
-1.5268502374704582e-11
-1.6408624807554312e-01
-2.4034887512876160e-04
3.7787315437019107e-12
-5.1886896539025978e-15
1.5511570612050551e-17
-2.5361423126539510e-14
1.0277483452531284e+00
special majiter 13
special iter 1346
special lambdaupdate 1
special CG 0
special curr_CG 0
special totaltime 2.0999999999999999e-01
special sigma 9.6376470588235293e+01
special scale 1.0000000000000000e+00
